9) 101010010101101010010101000000000000000000505505

10) 000000000110001111001111000111000011000001

11) 000000011000111100111100111000110000100000

2) 020020020020020020020020000000200002200002011110011110

12) 110011110011001100001100100001100001222222

3) 000033003300330000000022002200220000000011001100110000

13) 111111111111000000222222000000000000333333

14) 020000020000212020212020020212020212000020000020

15) 202020202020020202020202202020202020020202

7) 000000030030034430133331002200133331034430030030

6) 33113331221312002120330220330212002112210001100550055

4) 210012121121210012121121210012120021211112550055

5) 330033330033000000550555220022220022555055110011110011

8) 444444400044350533350533250522150511150511550555